PREPRIO 9
0000:    0  400   50   50 2 |  3070  3070   444  2226
0001:    0  300   40   40 20 |  1116  1116   271   545
0002:    1  200   30   50 18 |  1353  1352   248   904
0003:    1  301   20   10 12 |  1809  1808   148  1359
0004:    9  302   20   20 20 |   676   667   270    95
0005:   10  303   15   30 17 |  1883  1873   669   901
0006:   10  304    5   40 7 |  3771  3761  1932  1525
0007:   11  305   20   40 19 |  1314  1303   655   343
0008:   20  306   20   10 7 |  2272  2252   187  1759
0009:   50  307   20   10 1 |  2986  2936   146  2483
SUM: 3771 80.30 84.59 2013.80 1214.00 0.265
