PREPRIO 9
0000:    0  400   50   50 2 |  2332  2332   376  1556
0001:    0  300   40   40 2 |  1879  1879   243  1336
0002:    1  200   30   50 2 |  1454  1453   304   949
0003:    1  301   20   10 2 |  1443  1442   163   978
0004:    9  302   20   20 2 |  1619  1610   287  1021
0005:   10  303   15   30 1 |  2915  2905   481  2121
0006:   10  304    5   40 1 |  3824  3814  1856  1654
0007:   11  305   20   40 1 |  3014  3003   684  2014
0008:   20  306   20   10 1 |  2707  2687   106  2275
0009:   50  307   20   10 1 |  2771  2721   168  2246
SUM: 3824 79.18 77.75 2384.60 1615.00 0.262
