PRIO 4
0000:    0  400   50   50 2 |  2959  2959   425  2134
0001:    0  300   40   40 4 |  2088  2088   249  1539
0002:    1  200   30   50 2 |  2523  2522   365  1957
0003:    1  301   20   10 4 |  1636  1635   138  1196
0004:    9  302   20   20 4 |  1606  1597   323   972
0005:   10  303   15   30 1 |  3366  3356   794  2259
0006:   10  304    5   40 3 |  2749  2739  1957   478
0007:   11  305   20   40 3 |  2342  2331   584  1442
0008:   20  306   20   10 3 |  2074  2054   174  1574
0009:   50  307   20   10 1 |  2962  2912   191  2414
SUM: 3366 89.96 86.16 2419.30 1596.50 0.297
