PRIO 15
0000:    0  400   50   50 1 |  2997  2997   368  2229
0001:    0  300   40   40 1 |  2729  2729   188  2241
0002:    1  200   30   50 1 |  1812  1811   321  1290
0003:    1  301   20   10 1 |  2481  2480   150  2029
0004:    9  302   20   20 1 |  2739  2730   391  2037
0005:   10  303   15   30 1 |  2046  2036   544  1189
0006:   10  304    5   40 1 |  4049  4039  2209  1526
0007:   11  305   20   40 1 |  2429  2418   627  1486
0008:   20  306   20   10 1 |  2214  2194   169  1719
0009:   50  307   20   10 1 |  2136  2086   163  1616
SUM: 4049 74.78 80.37 2552.00 1736.20 0.247
