PRIO 50
0000:    0  400   50   50 2 |  2543  2543   536  1607
0001:    0  300   40   40 4 |   770   770   296   174
0002:    1  200   30   50 2 |  2169  2168   375  1593
0003:    1  301   20   10 4 |   813   812   111   400
0004:    9  302   20   20 4 |  1055  1046   285   459
0005:   10  303   15   30 1 |  3345  3335   791  2241
0006:   10  304    5   40 3 |  3755  3745  1873  1568
0007:   11  305   20   40 3 |  1977  1966   566  1095
0008:   20  306   20   10 3 |  1665  1645   151  1188
0009:   50  307   20   10 1 |  2817  2767   156  2304
SUM: 3755 80.64 82.32 2079.70 1262.90 0.266
