RR 8
0000:    0  400   50   50 2 |  2770  2770   230  2140
0001:    0  300   40   40 4 |  2505  2505   332  1873
0002:    1  200   30   50 2 |  1918  1917   318  1399
0003:    1  301   20   10 4 |  2693  2692   163  2228
0004:    9  302   20   20 4 |  2780  2771   241  2228
0005:   10  303   15   30 1 |  2874  2864   612  1949
0006:   10  304    5   40 3 |  3973  3963  1774  1885
0007:   11  305   20   40 3 |  2888  2877   692  1880
0008:   20  306   20   10 3 |  2641  2621   146  2169
0009:   50  307   20   10 1 |  2729  2679   127  2245
SUM: 3973 76.21 78.35 2765.90 1999.60 0.252
