PREPRIO 2
0000:    0  400   50   50 3 |  3061  3061   451  2210
0001:    0  300   40   40 8 |  1535  1535   318   917
0002:    1  200   30   50 1 |  3069  3068   267  2601
0003:    1  301   20   10 3 |  2670  2669   151  2217
0004:    9  302   20   20 8 |  1305  1296   326   668
0005:   10  303   15   30 9 |  1160  1150   697   150
0006:   10  304    5   40 3 |  3450  3440  2098  1038
0007:   11  305   20   40 4 |  2491  2480   777  1398
0008:   20  306   20   10 3 |  2682  2662   175  2181
0009:   50  307   20   10 3 |  2599  2549   193  2049
SUM: 3450 87.77 85.48 2391.00 1542.90 0.290
