PREPRIO 3
0000:    0  400   50   50 2 |  3014  3014   475  2139
0001:    0  300   40   40 4 |  1990  1990   322  1368
0002:    1  200   30   50 2 |  2443  2442   256  1986
0003:    1  301   20   10 4 |  1738  1737   154  1282
0004:    9  302   20   20 4 |  1712  1703   300  1101
0005:   10  303   15   30 1 |  3279  3269   665  2301
0006:   10  304    5   40 3 |  2524  2514  1703   507
0007:   11  305   20   40 3 |  2424  2413   557  1551
0008:   20  306   20   10 3 |  2165  2145   161  1678
0009:   50  307   20   10 1 |  3019  2969   186  2476
SUM: 3279 92.35 81.21 2419.60 1638.90 0.305
