PREPRIO 20
0000:    0  400   50   50 2 |  2742  2742   279  2063
0001:    0  300   40   40 4 |  1222  1222   221   701
0002:    1  200   30   50 2 |  2311  2310   313  1797
0003:    1  301   20   10 4 |   605   604   124   179
0004:    9  302   20   20 4 |   756   747   245   200
0005:   10  303   15   30 1 |  3246  3236   607  2326
0006:   10  304    5   40 3 |  3068  3058  1883   871
0007:   11  305   20   40 3 |  2071  2060   477  1278
0008:   20  306   20   10 3 |  1581  1561   154  1101
0009:   50  307   20   10 1 |  3005  2955   187  2461
SUM: 3246 93.28 79.73 2049.50 1297.70 0.308
