RR 1
0000:    0  400   50   50 2 |  2986  2986   337  2249
0001:    0  300   40   40 4 |  2713  2713   221  2192
0002:    1  200   30   50 2 |  2092  2091   370  1521
0003:    1  301   20   10 4 |  2649  2648   162  2185
0004:    9  302   20   20 4 |  2741  2732   247  2183
0005:   10  303   15   30 1 |  2872  2862   486  2073
0006:   10  304    5   40 3 |  3739  3729  2112  1313
0007:   11  305   20   40 3 |  2937  2926   640  1981
0008:   20  306   20   10 3 |  2723  2703   180  2217
0009:   50  307   20   10 1 |  2739  2689   156  2226
SUM: 3739 80.98 80.42 2807.90 2014.00 0.267
