RR 9
0000:    0  400   50   50 2 |  2769  2769   292  2077
0001:    0  300   40   40 4 |  2302  2302   218  1784
0002:    1  200   30   50 2 |  2221  2220   503  1517
0003:    1  301   20   10 4 |  2659  2658   169  2188
0004:    9  302   20   20 4 |  2662  2653   286  2065
0005:   10  303   15   30 1 |  2947  2937   666  1968
0006:   10  304    5   40 3 |  4253  4243  2144  1795
0007:   11  305   20   40 3 |  2812  2801   606  1890
0008:   20  306   20   10 3 |  2625  2605   152  2147
0009:   50  307   20   10 1 |  2639  2589   145  2137
SUM: 4253 71.20 81.19 2777.70 1956.80 0.235
