PREPRIO 8
0000:    0  400   50   50 2 |  3048  3048   557  2091
0001:    0  300   40   40 4 |  1712  1712   334  1078
0002:    1  200   30   50 2 |  2399  2398   437  1761
0003:    1  301   20   10 4 |   870   869   155   413
0004:    9  302   20   20 4 |  1560  1551   319   930
0005:   10  303   15   30 1 |  3155  3145   538  2304
0006:   10  304    5   40 3 |  2948  2938  2144   490
0007:   11  305   20   40 3 |  2100  2089   520  1264
0008:   20  306   20   10 3 |  1952  1932   152  1474
0009:   50  307   20   10 1 |  3019  2969   139  2523
SUM: 3155 95.97 86.15 2265.10 1432.80 0.317
