PRIO 15
0000:    0  400   50   50 14 |   939   939   326   213
0001:    0  300   40   40 8 |  1634  1634   327  1007
0002:    1  200   30   50 6 |  2203  2202   309  1693
0003:    1  301   20   10 14 |   711   710   129   280
0004:    9  302   20   20 4 |  2999  2990   331  2357
0005:   10  303   15   30 3 |  3203  3193   613  2277
0006:   10  304    5   40 11 |  3449  3439  2208   927
0007:   11  305   20   40 5 |  2881  2870   464  2101
0008:   20  306   20   10 7 |  1809  1789   163  1320
0009:   50  307   20   10 7 |  1960  1910   190  1413
SUM: 3449 87.79 81.18 2167.60 1358.80 0.290
