PREPRIO 9
0000:    0  400   50   50 2 |  2957  2957   332  2225
0001:    0  300   40   40 4 |  1920  1920   315  1305
0002:    1  200   30   50 2 |  2372  2371   225  1946
0003:    1  301   20   10 4 |  1061  1060   124   635
0004:    9  302   20   20 4 |  1085  1076   310   464
0005:   10  303   15   30 1 |  3130  3120   360  2457
0006:   10  304    5   40 3 |  2840  2830  2140   386
0007:   11  305   20   40 3 |  2189  2178   479  1394
0008:   20  306   20   10 3 |  1829  1809   185  1318
0009:   50  307   20   10 1 |  3017  2967   150  2510
SUM: 3130 96.74 83.61 2228.80 1464.00 0.319
