PREPRIO 15
0000:    0  400   50   50 3 |  2928  2928   391  2137
0001:    0  300   40   40 8 |  1187  1187   321   566
0002:    1  200   30   50 1 |  3211  3210   316  2694
0003:    1  301   20   10 3 |  2270  2269   183  1785
0004:    9  302   20   20 8 |   823   814   316   196
0005:   10  303   15   30 9 |  1106  1096   793     0
0006:   10  304    5   40 3 |  3729  3719  2183  1232
0007:   11  305   20   40 4 |  1931  1920   604  1011
0008:   20  306   20   10 3 |  2397  2377   208  1863
0009:   50  307   20   10 3 |  2447  2397   176  1914
SUM: 3729 81.20 85.38 2191.70 1339.80 0.268
