PRIO 2
0000:    0  400   50   50 1 |  3020  3020   299  2321
0001:    0  300   40   40 1 |  2814  2814   361  2153
0002:    1  200   30   50 1 |  2114  2113   361  1552
0003:    1  301   20   10 1 |  2558  2557   157  2099
0004:    9  302   20   20 1 |  2706  2697   282  2113
0005:   10  303   15   30 1 |  2861  2851   553  1995
0006:   10  304    5   40 1 |  3663  3653  2093  1256
0007:   11  305   20   40 1 |  2880  2869   536  2028
0008:   20  306   20   10 1 |  2618  2598   158  2134
0009:   50  307   20   10 1 |  2681  2631   157  2167
SUM: 3663 82.66 82.56 2780.30 1981.80 0.273
