PRIO 9
0000:    0  400   50   50 1 |  3018  3018   282  2336
0001:    0  300   40   40 1 |  2806  2806   224  2282
0002:    1  200   30   50 1 |  2100  2099   208  1691
0003:    1  301   20   10 1 |  2692  2691   201  2189
0004:    9  302   20   20 1 |  2545  2536   274  1960
0005:   10  303   15   30 1 |  2627  2617   489  1825
0006:   10  304    5   40 1 |  3761  3751  1991  1456
0007:   11  305   20   40 1 |  2632  2621   584  1732
0008:   20  306   20   10 1 |  2689  2669   180  2183
0009:   50  307   20   10 1 |  2478  2428   132  1989
SUM: 3761 80.51 80.40 2723.60 1964.30 0.266
