PRIO 1
0000:    0  400   50   50 12 |  2609  2609   313  1896
0001:    0  300   40   40 5 |  2998  2998   315  2383
0002:    1  200   30   50 13 |  1703  1702   297  1205
0003:    1  301   20   10 12 |  1911  1910   147  1462
0004:    9  302   20   20 5 |  2997  2988   294  2392
0005:   10  303   15   30 12 |  1854  1844   405  1136
0006:   10  304    5   40 12 |  2238  2228  1800   124
0007:   11  305   20   40 4 |  3147  3136   507  2324
0008:   20  306   20   10 12 |  1672  1652   147  1199
0009:   50  307   20   10 6 |  2717  2667   181  2179
SUM: 3147 96.22 82.33 2373.40 1630.00 0.318
