PRIO 1
0000:    0  400   50   50 2 |  2531  2531   334  1797
0001:    0  300   40   40 2 |  2188  2188   302  1586
0002:    1  200   30   50 2 |  1749  1748   439  1109
0003:    1  301   20   10 2 |  1971  1970   134  1535
0004:    9  302   20   20 2 |  2103  2094   224  1568
0005:   10  303   15   30 1 |  2952  2942   610  2029
0006:   10  304    5   40 1 |  3617  3607  1938  1365
0007:   11  305   20   40 1 |  2960  2949   495  2149
0008:   20  306   20   10 1 |  2790  2770   152  2312
0009:   50  307   20   10 1 |  2820  2770   186  2277
SUM: 3617 83.72 83.02 2556.90 1772.70 0.276
