PREPRIO 1
0000:    0  400   50   50 2 |  2990  2990   534  2056
0001:    0  300   40   40 4 |  2033  2033   267  1466
0002:    1  200   30   50 2 |  2329  2328   365  1763
0003:    1  301   20   10 4 |  1784  1783   174  1308
0004:    9  302   20   20 4 |  1896  1887   290  1295
0005:   10  303   15   30 1 |  3178  3168   560  2305
0006:   10  304    5   40 3 |  3111  3101  2100   697
0007:   11  305   20   40 3 |  2433  2422   681  1436
0008:   20  306   20   10 3 |  2153  2133   141  1686
0009:   50  307   20   10 1 |  2956  2906   204  2395
SUM: 3178 95.28 86.56 2475.10 1640.70 0.315
