PREPRIO 8
0000:    0  400   50   50 3 |  3082  3082   445  2237
0001:    0  300   40   40 8 |  1298  1298   301   697
0002:    1  200   30   50 1 |  3138  3137   342  2595
0003:    1  301   20   10 3 |  2357  2356   126  1929
0004:    9  302   20   20 8 |   847   838   282   254
0005:   10  303   15   30 9 |  1066  1056   702    51
0006:   10  304    5   40 3 |  3249  3239  1874  1061
0007:   11  305   20   40 4 |  1899  1888   426  1157
0008:   20  306   20   10 3 |  2582  2562   110  2146
0009:   50  307   20   10 3 |  2599  2549   146  2096
SUM: 3249 93.20 84.95 2200.50 1422.30 0.308
