PRIO 8
0000:    0  400   50   50 2 |  3089  3089   461  2228
0001:    0  300   40   40 4 |  1966  1966   229  1437
0002:    1  200   30   50 2 |  2408  2407   430  1777
0003:    1  301   20   10 4 |   942   941   130   510
0004:    9  302   20   20 4 |  1176  1167   333   532
0005:   10  303   15   30 1 |  3187  3177   620  2254
0006:   10  304    5   40 3 |  3066  3056  2119   633
0007:   11  305   20   40 3 |  2161  2150   556  1289
0008:   20  306   20   10 3 |  1906  1886   157  1423
0009:   50  307   20   10 1 |  2889  2839   164  2368
SUM: 3187 95.01 86.66 2267.80 1445.10 0.314
