PRIO 10
0000:    0  400   50   50 2 |  3023  3023   496  2127
0001:    0  300   40   40 4 |  2130  2130   458  1372
0002:    1  200   30   50 2 |  2360  2359   336  1823
0003:    1  301   20   10 4 |   770   769   133   335
0004:    9  302   20   20 4 |  1001   992   327   363
0005:   10  303   15   30 1 |  3204  3194   627  2264
0006:   10  304    5   40 3 |  3121  3111  1950   857
0007:   11  305   20   40 3 |  2032  2021   585  1131
0008:   20  306   20   10 3 |  1555  1535   182  1047
0009:   50  307   20   10 1 |  2918  2868   154  2407
SUM: 3204 94.51 85.05 2200.20 1372.60 0.312
