PREPRIO 1
0000:    0  400   50   50 1 |  3040  3040   404  2236
0001:    0  300   40   40 1 |  2783  2783   311  2172
0002:    1  200   30   50 1 |  1994  1993   228  1565
0003:    1  301   20   10 1 |  2640  2639   168  2170
0004:    9  302   20   20 1 |  2769  2760   375  2083
0005:   10  303   15   30 1 |  2867  2857   599  1955
0006:   10  304    5   40 1 |  3422  3412  1761  1347
0007:   11  305   20   40 1 |  2838  2827   444  2078
0008:   20  306   20   10 1 |  2674  2654   152  2196
0009:   50  307   20   10 1 |  2717  2667   144  2216
SUM: 3422 88.49 81.27 2763.20 2001.80 0.292
