PRIO 2
0000:    0  400   50   50 2 |  3048  3048   446  2202
0001:    0  300   40   40 5 |  1646  1646   211  1135
0002:    1  200   30   50 3 |  1873  1872   207  1465
0003:    1  301   20   10 2 |  2523  2522   186  2035
0004:    9  302   20   20 5 |  1473  1464   275   887
0005:   10  303   15   30 2 |  2672  2662   513  1846
0006:   10  304    5   40 2 |  3514  3504  2121  1079
0007:   11  305   20   40 4 |  1950  1939   621  1013
0008:   20  306   20   10 2 |  2589  2569   153  2110
0009:   50  307   20   10 1 |  3043  2993   214  2472
SUM: 3514 86.17 80.42 2421.90 1624.40 0.285
